0.6
0.09
0.22
0.53
0.37
0.04
0
0.03
0
0
0
0
0
0
0
0
0
0
0
0.1
0.1
0.26
0.14
0.38
0.2
0
0.69
0
0.06
0.06
0
0
0
0
0
0
0.06
0.03
0
0
0
0.11
0
0
0
0.09
0
0.04
0.15
0
0.06
0.01
0
0.08
0.24
0
0.39
0.44
0.1
0
0
0.1
0.38
0.98
0.26
0
0
0.08
0
0
0
0.1
0
0.24
0.24
0.24
0
0
0
0.27
0.42
0.27
0.31
0.78
0.02
0
0
0.13
0
0.02
0.16
0.025
0
0.54
0.2
0
0.07
0.01
0.02
0.05
0.11
0.38
0.08
0.27
0.03
0.46
0
0.26
0.18
0
0.07
0
0.13
0.32
0.08
0.32
0.28
0
0
0
0
0
0
0.55
0
0.06
0
0
0.045
0.005
0
0.09
0.02
0.01
0.045
0.06
0
0
0.005
0
0
0.05
0.105
0
0.115
0
0
0
0.1
0.004
0.06
0.18
0.18
0.03
0.005
0.08
0.03
0
0
0.02
0.005
0.005
0.08
0.25
0.002
0.07
0
0.04
0
0.05
0
0.19
0.045
0.075
0
0.03
0
0.005
0
0
0
0
0
0
0.035
0
0.25
0.09
0.01
0.1
0.005
0.02
0.47
0.2
0.06
0.45
0.05
0.04
0
0.01
0.005
0.07
0.37
0.38
0.27
0.06
0.005
0.03
0.04
0
0
0
0.07
0
0
0
0
0
0.03
0
0.01
0.27
0
0.02
0.04
0.12
0
0.1
0.86
0.02
0.16
0.22
0.4
0.02
0.04
0.25
0.44
0
0.14
0.03
0
0
0
0
0
0.01
0.17
0
0
0
0
0.005
0
0
0
0.15
0
0.01
0
0.08
0.23
0
0.01
0.015
0.09
0.29
0.29
0.05
0
0.24
0.12
0.25
0.35
0.2
0
0.15
0
0
0.005
0.015
0
0.005
0
0
0
0
0
0
0.18
0
0.045
0
0
0.55
0.1
0.19
0.01
0
0
0
0.08
0.29
0
0.24
0.06
0
0.04
0.24
0.04
0
0.015
0.02
0
0
0
0.18
0.11
0.45
0.01
0.01
0.29
0.21
0.44
0.14
0.11
0
0.34
0.54
0
0.07
0.05
0.025
0.045
0.01
0
0.24
0.09
0
0
0
0
0.0125
0.09
0.17
0.24
0.09
0.015
0
0.015
0
0
0
0
0.03
0
0.022
0
0.005
0.04
0.4
0.055
0.17
0
0
0.035
0.19
0.15
0.03
0.1
0
0
0
0.35
0
0.19
0
0
0.01
0.01
0
0.24
0
0.01
0
0
0.1
0.22
0
0
0
0.12
0
0.66
0
0.01
0
0
0.2
0.42
0
0.18
0.3
0.035
0.18
0.58
0.19
0.3
0.34
0.25
0.33
0.2
0.11
0.01
0.1
0.02
0.12
0.19
0.22
0.16
0.275
0.15
0.02
0
0.02
0.3
0
0.21
0.25
0.1
0.31
0.02
0.175
0.3
0.21
0.05
0.03
0.31
0.29
0
0
0.08
0.19
0.29
0.03
0.06
0
0.42
0.15
0.3
0.01
0
0.04
0
0
0
0
0
0.2
0
0
0.025
0
0.05
0.44
0.03
0.16
0.19
0.145
0.33
0.09
0
0.34
0.025
0.115
0.28
0.5
0.005
0.12
0.09
0
0
0.09
0
0
0
0
0.02
0
0.25
0
0
0.06
0.12
0
0.225
0.03
0.06
0.26
0
0.02
0.04
0
0.24
0.06
0.03
0.09
0
0
0.49
0.03
0.18
0.34
0.07
0.01
0.01
0
0.02
0
0
0
0.039
0.01
0
0.015
0.03
0.38
0.01
0
0.14
0.2
0.33
0.08
0.06
0.01
0
0
0.17
0.11
0.1
0
0
0.24
0.1
0
0.08
0.02
0.035
0.24
0.44
0.025
0.06
0.23
0
0.01
0.02
0
0.03
0.025
